 	6.5weeks WT full male	6.5weeks Het full male	15weeks WT full male	15weeks Het full male	6.5weeks WT fasted male	6.5weeks Het fasted male	15weeks WT fasted male	15weeks Het fasted male
(2-aminoethyl)phosphonate	-1.31401044610942	-0.255300172266976	0.779519022243086	0.917573494037674	-0.625344493027475	-1.31401044610942	0.90193183180222	0.90964120943032
2',4'-Dihydroxyacetophenone	-0.447954616139941	-1.59449801014225	0.238331845279974	1.37914109764564	-0.552622514932085	1.30576242839575	0.177847355406004	-0.506007585513092
L-2-aminoadipate	-0.0562902212058166	0.133674947544797	1.13222685856942	-0.737334970603092	-1.19414672112887	-0.668995010801486	-0.379873978292607	1.77073909591766
2-Phosphoglyceric acid	0.829490310950744	-1.37117325818025	-0.413993733087072	-0.551644272402146	-0.353109057317944	-0.591533527852449	1.71356098777897	0.738402550110151
3-Dehydroshikimate	0.672127086554847	-1.23952150778707	0.721555946485823	0.6408430496649	-1.75050015564004	0.64666467715554	0.679007936462546	-0.370177032896546
3-hydroxybenzaldehyde	0.660584334037032	-0.0817754171619199	-1.09647459022795	-1.52187850227711	-0.241003765449922	1.16607775722287	-0.149775646978609	1.26424583083562
3-Hydroxymethylglutaric acid	0.598853104369987	0.781385990198814	0.691026025615713	0.771186205147075	-0.946583567360125	-0.249314857973668	0.326684242366685	-1.97323714236447
3-Methylhistidine	-1.06089742836108	-1.33774585467982	-0.157641230506499	0.0611809660472357	-0.480545637366533	0.449794397643761	0.797562754962641	1.72829203226029
3-methylglutaconate	0.65389035204918	0.713010034830279	0.710335860369006	0.734648992972902	-0.97375613804485	-0.678382894652816	0.632324883213811	-1.79207109073751
3-Sulfinoalanine	-0.620042416121398	0.905523076387038	0.479855819371894	0.828790126954514	-1.99427331064882	0.631769560780854	0.371701283802768	-0.603324140526847
cis-vaccenate	-0.574554777526564	-0.261763881354502	0.858588541050123	-0.0951680227567059	-0.465793710099148	-1.04619039489838	-0.489692110091291	2.07457435567646
6-Phosphogluconic acid	0.0440287977031512	0.919839401293966	1.11424197140018	1.02602181406545	-0.743541760628447	-0.900668514537577	0.115011684999028	-1.57493339429576
Acetic acid	0.808447179122806	1.0623317517307	-1.30516894576609	-1.33345022559686	0.28039503248323	0.82630774983162	-0.846738123039973	0.507875581234562
Adenine	-0.445364887738905	-0.200567465723948	0.526708165738215	0.293304513748494	-1.2713002855922	-0.331771769503522	-0.636557090524974	2.06554881959684
Adenosine	0.0877537735079244	-0.2191609699108	0.849329895959281	0.807671090366963	-2.01421593610047	-0.706824153663589	0.21083703439452	0.984609265446188
3'-AMP	1.04835635826137	0.654385772997814	-1.1460381499233	-0.73308661268083	-0.181431760983692	0.881023366088573	-1.41830568269945	0.895096708939501
ADP	0.913403158400947	-0.724227848870015	-1.41483094196114	0.24113866857221	0.498501619403033	0.947355209763414	-1.30976474953968	0.848424884231235
Adenylsuccinic acid	0.733989469017641	1.01718707136873	-0.531163068409507	-1.76848264717837	-0.511057703300485	0.987004148246195	-0.587813111452596	0.660335841708399
L-Alanine	0.248118202746249	0.444225225274888	-0.525338787578003	-1.20469093110581	-1.44187080146371	1.59137061942948	0.38104260655347	0.507143866143429
Allose	0.610940041396262	0.633603899614983	0.786903403551809	0.7724291550178	-1.41295256613369	-0.458726170958229	0.622035671535662	-1.55423343402459
L-allo-threonine	-0.604262466135501	-0.660224545383584	-1.24161683478676	-0.586967557102621	0.0093194089515238	1.02041086204149	0.275756003885441	1.78758512853
2-hydroxy-2-methylpropanoate	-0.439401538694399	-0.795959479629609	0.36034548775146	0.0178729007268364	-1.34496744521054	-0.301774898952482	0.54184355600591	1.9620414180028
2-oxoglutarate	0.898288409425647	0.467212842872435	0.772253937933843	-0.225134107645247	-1.46165008852311	1.02694787889206	-0.0162687844325191	-1.46165008852311
L-Arabinol	0.581708022641832	0.761355148077117	0.705741817410745	0.834102177261413	-1.09775589779902	-1.38197315501159	0.718183212366224	-1.12136132494672
L-Arginine	-0.115969427233524	0.220791677307935	-0.132916318748099	-0.364860555050779	-0.415538464277095	1.91072984847325	0.534236042878849	-1.63647280335054
Ascorbate	-0.736409571880658	-1.6791105001223	1.27145270454507	0.172212882844998	0.0266836720373573	-0.436665745576934	1.34126990914716	0.0405666490053082
L-Asparagine	0.258408554659774	0.365674780536064	0.0446106799016291	0.299574096985233	-0.00261198630270275	0.650508959363894	0.769670400937989	-2.38583548608188
L-Aspartic acid	0.355778880183301	1.4208918002633	-0.847958242090175	-0.975821006614939	-0.947973748638589	0.868300996245398	-0.809131678430761	0.935912999082478
Azelaic acid	0.225082134302105	-1.34979118603893	-0.0630038895105768	1.67838752805403	-1.34979118603893	0.683492090717472	0.118860076335416	0.0567644321794213
BENZOATE	0.234173099461607	-0.0637144809526575	-1.39074275189142	-1.06727321360481	-0.101586600473544	0.756575050341243	-0.17176910866086	1.80433800578048
(R)-3-hydroxy-isobutanoate	0.595721827938563	-1.93171375004536	0.889537013241256	0.273752632102281	-1.18522716846745	0.317425523050621	0.536596386756293	0.503907535423799
3-hydroxy-3-methylbutanoate	-0.636927707542332	-0.853713637563563	1.75387499032449	-0.390576440920842	-0.935708005249345	-0.432086477873775	1.225534509428	0.269602769397381
beta-Lactose	0.627892160852114	0.653644695899416	0.675410251983677	0.602932465680758	-1.48914744849408	0.241178690154789	0.398205680362245	-1.71011649643892
Betaine	-0.0331940590799037	-0.688674621802681	1.10946698298078	-1.55155634981117	-0.653917827801021	0.261176932852492	0.0105918233873857	1.54610711927408
Citicoline	-0.806850421459459	-0.806850421459459	0.813571799597962	1.70582472125219	-0.806850421459459	-0.181533074583244	0.889538239570932	-0.806850421459459
Citrulline	1.21792672163499	-0.653463561342574	1.17260699698679	-0.694737281249445	-1.14127181194909	-0.146226962204438	1.0916123560868	-0.846446457963047
Creatine	-0.26864114864991	-0.751897368581801	-0.329090847326591	-0.929276499913748	-0.741316104987804	1.43829949894293	-0.0811432062359937	1.66306567675294
Creatinine	0.172511924554931	0.595272203254364	1.06413649393477	0.529316279692973	-2.24949407861464	0.142341837354811	0.0857534905878468	-0.339838150765055
L-Cystathionine	-0.0270289619187407	0.969475726858198	0.0952079400457808	-0.223342507932841	-0.625767568721872	-0.647487614523109	-1.36494066021293	1.82388364640551
UDP-GLUCURONATE	-2.40947846533764	0.338666812018575	0.322060937182126	0.295553038903252	-0.0707621874050923	0.625778332533953	0.238528864815073	0.659652667289751
D-Erythrose	-0.0794205653951108	-2.31314224590037	0.236819958355271	0.140557221145041	-0.0544350484772029	0.432273729133703	0.68275249056612	0.954594460572546
D-Ribose 5-phosphate	0.614120314425081	0.483161804555854	0.874156861985903	0.808942754977686	-1.64496528897165	-1.18650570757648	0.679708469692663	-0.628619209089059
D-Sedoheptulose	-0.675026806975451	0.450240469796196	1.27988219009001	1.26101413145922	-1.56986072974224	-0.305299896969778	0.258314608377147	-0.69926396603511
Dihydroxyacetone phosphate	-0.498494979489752	0.385175478887919	1.07910434476939	1.00473152795181	-0.518042097941831	-1.24327997314185	1.03408567210617	-1.24327997314185
sodium dodecyl sulfate	-2.42341569656709	0.163281684588256	0.421895556374672	0.217260782744099	0.682189823651843	0.322773818717618	0.0672843444406188	0.548729686049982
Ectoine	-1.0090106626997	-1.0090106626997	1.54424165784043	0.273106997329344	-1.0090106626997	-0.410582917442026	0.75907911097765	0.861187139393704
D-Fructose	-0.432034147302581	0.324930981023452	1.10280186445853	1.12838826571494	-1.03031117851383	-0.851561436406765	0.974863268250795	-1.21707761722454
beta-D-fructose 1,6-bisphosphate	0.658765806441393	0.711994099906873	0.754200094525069	0.759640536092292	-0.843063757795654	-1.04411959590953	0.644719967201245	-1.64213715046169
Fumaric acid	0.348542492634152	0.687215963430104	-0.262224384450705	-1.3589159152887	-0.0494958513985957	1.43982389709134	0.620103636893391	-1.42504983891103
Galactonic acid	0.229427015171922	1.66290660270486	-0.252148667269488	-0.101302981065279	-1.84886840740684	0.717352352952611	0.0112372025504854	-0.418603117638302
Gamma-Aminobutyric acid	-0.248852906993235	0.738455486030903	1.2669258546833	1.23427851860373	-1.04038751762439	0.130355600548469	-1.04038751762439	-1.04038751762439
Gluconic acid	-0.59908971577868	1.19874820332741	0.317786348600797	0.623960930835222	-1.25639565458014	0.222450651886922	0.96220676752138	-1.4696675318129
D-Glucose	0.540582761604926	0.742975640953886	0.70643353184137	0.782682126562859	-1.33116796266587	-0.162151785073021	0.462013079579781	-1.74136739280393
Glucose 1-phosphate	0.74736104769901	0.722469819520268	0.743558437003867	0.709567472531313	-0.861022561667956	-1.03488046976618	0.609719881320795	-1.63677362664112
Glucose 6-phosphate	0.757654367106717	0.579568502045096	0.701807894378612	0.646330185060456	-1.90091009314442	0.0812389228865854	0.336900147109657	-1.20258992544271
D-Glucuronic acid	0.115751696707696	0.79109018288435	0.871877054448266	0.688095565159452	-0.448173173183334	-0.368444143041282	0.484280481076141	-2.13447766405128
L-Glutamic acid	0.958043904876271	1.07016839548426	0.817827230593173	0.140554018036433	-1.11234721543363	0.474080417057026	-1.05394100383064	-1.2943857467829
L-Glutamine	0.7137789538942	0.924270016444025	-0.0428224205385251	0.00739894464232707	-1.56241032750518	0.785921282373696	0.643886605877979	-1.47002305518854
Glutaric acid	0.631533854562839	0.711458991232569	-1.31557513387819	0.881820215879844	0.126800279985202	-0.948112211861907	-1.19890578889336	1.110979792973
glutathione disulfide	0.0359539588117193	1.02057251470103	1.05627419205045	0.395897119683802	-1.57061519448639	-0.97865065002049	0.813781757813118	-0.77321369855324
GLUTATHIONE	1.70372143811871	-0.0853363479162023	0.410047377767274	0.718398004675437	-0.593892492243367	-0.793701114524107	0.186229199027379	-1.54546606490513
Glycyl-glycine	-1.16589232012589	-0.559390927549779	-0.364040800010801	0.13801517328636	-1.16589232012589	1.30240954910202	1.39416738209364	0.420624263330344
DL-glyceraldehyde	1.63738946841988	0.0070345606787249	-0.987895379274268	-0.80054501437986	-0.447919567152527	0.435108329249878	1.15075889446089	-0.993931292002734
Glyceric acid	0.012619329907697	-1.09757257599319	-0.500237486841377	-0.451364195352764	0.428568450891178	-0.308240439932264	2.22826347492053	-0.312036557599768
Glycerol	0.849731197708234	1.32582766204369	-1.52672809874553	-1.03240892311236	0.759454268894198	0.167588796936363	-0.702335045903202	0.158870142178624
Glycerol 3-phosphate	1.63825737325857	0.197358673394378	0.517984920026187	0.0884874083705604	-0.747455168367987	0.679386979926516	-1.47230127241759	-0.901718914190642
Glycine	0.535666971118511	0.427575996083316	0.149618095374822	0.192387699427362	0.385632367541006	0.443912087240474	0.319398214023569	-2.45419143080906
Glycyl-L-tyrosine	-0.987926776317762	-0.15219388471479	-0.987926776317762	0.469167043883237	-0.065912561136302	1.62557420879361	1.08714552212753	-0.987926776317762
Guanine	1.45161797998891	-1.13621489693427	0.276527360867043	0.669865241145809	-0.811583507083177	0.186961077742887	-1.36262135264218	0.725448096914967
Guanosine	-0.693467719470023	0.503490761207804	1.41623977678059	0.902961857904018	-1.74151784819286	-0.158990028877426	0.310027286496762	-0.538744085848873
Guanosine monophosphate	0.879690745564249	0.0561212236921311	-0.421537104895542	0.469131296760495	-0.303002166595637	0.695354146793433	-2.15476931227422	0.779011170955091
gulonolactone	0.57662978811673	-1.17951271045054	1.08744511269512	0.935780288266395	-0.604036470603317	-1.27215397520688	0.979885336741738	-0.524037369559247
Heptanoic acid	-1.26131695763888	-0.0582553227479977	0.923809402539211	-0.319453821772182	1.16162545275995	-0.175638343288351	-1.36691483626264	1.09614442641089
Caproic acid	0.572634531129735	0.520207519406637	-0.0885989035715214	-0.681922641032252	-0.790672351215587	0.247372002369785	-1.50472428359856	1.72570412651176
Hippuric acid	0.190890791200175	-2.15526038686479	0.206043408148547	1.11796815086648	-0.199500837219346	-0.409244645984003	0.485456231096764	0.763647288756187
L-Histidine	0.773626152717245	0.476459945877502	0.712014120767417	0.738291628721311	-1.36193670880892	-0.775114502712202	0.838173293808668	-1.40151393037102
Homocitrulline	-0.656166048545161	-0.211158988368996	1.04902969674795	0.926031438068817	-1.71493388210278	-0.271517129511607	1.20292498760371	-0.324210073891923
Hypoxanthine	-1.01059917847412	-0.380918148381217	0.816953367722046	0.670478991441037	-0.421899644333713	-0.435205432915223	1.80529280809365	-1.04410276315245
Inosine	-1.38186120256743	0.0817434630712432	0.848482048716075	1.0605825563862	-0.720662690355674	-0.348565644965448	1.34643779195692	-0.886156322241867
IMP	1.17123436211198	0.234324479330537	-1.28469090926587	-0.627469795237173	-0.00980464189904286	0.864797061006887	-1.34049175697077	0.992101200923462
Isobutyric acid	0.670950133631906	1.00872292824779	0.159161610283622	-0.950563832701179	-0.613938867002288	-0.153419523291645	-1.50884007585658	1.38792762668841
L-Isoleucine	-0.846800392529139	-0.163068752402329	-0.0192224951317823	-0.3155819308372	-0.551634255417728	1.9300844916996	1.0141983002846	-1.04797496566602
Isonicotinic acid	-1.36582540413474	-1.1957150102995	1.10612348941384	0.92849603348862	0.251309443948955	-0.917407995122364	0.559557319138189	0.633462123566997
Itaconic acid	-0.412695643564946	-1.22717105173798	1.27727757366189	1.25781051268216	-1.22717105173798	-0.0227495852844653	0.697366987201362	-0.342667741220048
Methionine sulfoxide	-0.149654198183919	1.18637862032917	1.1048825158342	0.369526371948871	-1.2875239188067	0.677941725696058	-0.571616537049979	-1.32993457976769
Leu-Ala	-0.924572612320546	-1.09105029415893	0.238748591443349	-1.30393521156025	1.41823754149547	0.973421223453616	0.320955201071539	0.368195560575757
Leu-Gly	-0.589169211833263	-0.655152205265335	-1.10950708120352	-1.04073598335235	0.606202818299401	1.69115606295479	0.748724171523706	0.348481428876563
L-Leucine	-0.837070367815903	-0.256357062202708	-0.425455513576673	-0.287141664347166	-0.408144905675588	1.78067279751444	1.34342354400233	-0.909926827898742
Levulinic acid	0.9437148182074	0.648629973509704	-0.618350004708196	-1.85693025516067	-0.773162390522265	0.900016211268008	0.664829776655732	0.0912518707502928
L-Lysine	-0.830260560256244	-0.293721909916958	-0.396765539773481	-0.531910979493917	-0.524912769623906	2.0774948268301	0.980615641288737	-0.480538709054327
Malic acid	0.403880749406126	0.689442542857431	-0.761986375718178	-1.66493088876679	0.205899732237874	1.57284951526987	0.221043435024462	-0.666198710310845
Maltotriose	0.750493604337699	0.671396175612986	0.787964178458553	0.702200303179459	-1.04269688238978	-0.379004776590493	0.379674102888863	-1.87002670549729
L-Methionine	-0.454471779938439	0.354240404735496	-0.206231880649351	-0.0589696647839406	-0.540118326840834	1.48286866723321	1.11929816696568	-1.69661558672183
Methyl beta-D-glucopyranoside	0.804185900246987	0.795518084019748	0.682360420226332	0.659985240899293	-1.75645423880491	-0.486877635938586	0.442144484106804	-1.14086225475567
myo-Inositol	0.545637350529264	0.581656233490498	0.801352672009469	0.514975235771103	-0.226640843021317	-0.0724975477071164	0.172861749960518	-2.31734485103242
N-Acetyl-L-aspartic acid	0.00158903248058885	-1.38723482713153	-0.479314212647687	-0.669259980576128	-0.72393804839683	1.35054448237267	0.614414274801087	1.2931992790978
N-Acetyl-L-methionine	0.399181211920134	-0.478980341192021	0.328011107444868	0.501535522998324	0.290090760848616	0.566375312513399	0.706397826456532	-2.31261140098985
N-Acetyl-L-alanine	-1.47393932129135	-0.048864186278973	0.545133876569439	0.674661648621551	-1.48719925164114	0.903875729251699	1.01379311273483	-0.12746160796606
N-Acetylneuraminate	-1.58660830856319	-0.220548652046194	1.25767220892062	-0.889544010012029	0.388787889203984	0.409210720474624	1.19713790596576	-0.556107753943584
N-methyl-L-glutamate	0.169684195605873	-0.431186188099638	0.97350710006645	0.554266339588066	-0.885155802023901	-1.8144685553173	0.254447463560952	1.1789054466195
Niacinamide	0.0162864950251505	0.172111081187167	-1.12180460161514	-0.83584537415924	-0.984988300171014	0.344524605468115	0.490447629593181	1.91926846467183
O-Acetylserine	-1.74988296074184	0.369203705216778	0.474164942132368	0.546183531503261	0.263564442540654	0.714841942110409	0.810554861686937	-1.42863046444857
O-Phosphoethanolamine	0.657446074745569	0.173306983227329	0.623865735488992	0.364030841638979	-0.0426019575293792	0.330204340806269	0.304630195520173	-2.41088221389793
OPHTHALMATE	0.882509650706258	0.886911342572088	1.01058351332084	0.91118205779843	-1.02120056059965	-0.56315363905695	-1.01058340131793	-1.09624896342309
D-Ornithine	0.327048204690275	0.314109031681476	0.386959097635349	0.416114323604574	0.224279998841072	0.345240318110906	0.455040656955908	-2.46879163151956
Oxalic acid	0.603248130111479	0.323461422065731	-1.2248373894204	-1.30262821619057	0.124488794154949	0.991569912513934	-0.810795046999715	1.29549239376458
PANTOTHENATE	-0.368166728890627	-0.577158339917621	-0.223603611880756	-0.397163083475251	-1.36235823048141	0.0502373617010262	1.03723152291854	1.84098111002606
L-Phenylalanine	0.177039553130867	0.337259626756796	0.260880413817221	0.189154103300058	-0.0221129416566294	0.806322180533471	0.637636173973519	-2.3861791098553
Phenylglyoxylic acid	1.21943746578369	1.27650669165296	0.276383585271469	-0.615794336635327	-0.333090326948203	0.605623821235988	-1.21453345018029	-1.21453345018029
Phenylpyruvic acid	0.557951799828998	0.679479600169635	0.481312681422673	0.394965866685321	0.376817624338071	-1.14455339352943	0.646391569432845	-1.99236574834811
Phosphoric acid	-0.60411202352337	-0.14032202068925	-0.622991236671853	-0.416085718380807	-1.52915950849626	0.919086739013336	1.14003749127641	1.25354627747175
PHOSPHORYL-CHOLINE	-0.891641934987703	0.441921935766877	0.476362474300627	0.488620629275667	-0.757189569464968	-1.73114446600769	0.869687957501188	1.103382973616
L-Proline	0.185447573208257	0.659247099060411	-0.606079237864039	-0.129123042858484	1.01349986651496	0.413760255406192	0.604178657468511	-2.14093117093582
Pseudouridine	-1.00393763430482	-1.00393763430482	0.51328534453541	0.761195357774327	0.475349962469978	-0.396430481387676	1.65841271952244	-1.00393763430482
Pyroglutamic acid	0.338276119261254	1.09513376314271	0.368116643951456	-0.751656178725468	-1.20174146180366	1.26516053572277	-1.3694282130546	0.256138791505529
Pyruvic acid	0.275176320514206	0.214574073226726	-1.42431315841394	-1.4078479222104	-0.379396718868721	1.25375931578679	0.926501738479845	0.54154635148549
S-Adenosylhomocysteine	-1.33195684575551	-1.55512758816401	0.835209816605085	0.84118123065093	-0.297718030343829	0.71773995473837	0.888255854572544	-0.0975843923035783
salicylate	0.648563330896134	-0.447089223607243	0.443569550149968	0.287218084305306	0.441568885341183	0.570701485202119	0.38584712481855	-2.33037923710602
Sarcosine	-1.79571119698938	0.724342525092619	0.603112197091493	0.0830406430121013	-0.118106729856527	-1.19345106219544	0.81437115452813	0.882402469316999
D-Sedoheptulose 7-phosphate	1.04727999313404	-0.37551754494163	1.21672814659653	1.07994642734297	-0.916302559599485	-1.14573043331162	0.072339031423241	-0.978743060644038
L-Serine	0.46982344813404	0.359573289531865	0.274928742410563	0.267707896772678	0.125359368735272	0.474713695493207	0.483138678797747	-2.45524511987537
Stachyose	1.02842233468923	-0.0634909472515621	1.29275667590707	1.06020818787395	-1.13555453008363	-0.613408269692289	-0.433378921359139	-1.13555453008363
Succinic acid	1.77899684061673	0.691582539225711	-1.26223775365088	-0.936242127283463	0.38494882993183	0.405711431001609	-0.600567466926843	-0.46219229291469
Taurine	0.36680805935643	0.298955776919308	0.339241545986048	-0.19369574148356	-2.02933189266727	-0.751433910656983	0.959680292259565	1.00977587028642
taurodeoxycholate	0.587148083928402	1.21913733359792	-0.556531137618402	-0.742278787828112	0.247848971068893	1.20702968477048	-1.63863046016416	-0.323723687755017
Threonic acid	-0.40395697203574	0.374211482041099	-1.19275810681116	-1.05374607878733	0.0972209615012329	1.21473739507393	-0.569938962376527	1.5342302813945
TRANS-4-HYDROXY-L-PROLINE	0.84927991813603	0.90959164407321	1.18049180169227	0.350179996369431	-0.842013739281766	-1.60993899043195	-0.0422916528049393	-0.795298977752277
L-Tryptophan	0.165817121824346	0.392781164065618	0.456734324500004	0.30775263078068	0.00356050855651543	0.622620701667543	0.479227264463863	-2.42849371585857
L-Tyrosine	-0.0894699296980723	0.443643025912006	-0.342046960520203	0.067154156887721	-0.518977290016314	1.69304384958297	0.546462568428036	-1.79980942057616
Uracil	-1.94617126129735	-0.852496829458776	0.434200676448501	-0.13051788252117	0.241726593407696	0.278723751861478	1.29918783348299	0.675347118076626
Uric acid	1.32025978041303	-1.45509242246857	-1.45509242246857	0.523997536302755	0.0156387371332535	0.852658377317324	0.0769862171086028	0.12064419666217
Uridine	-0.905332051057993	0.29674122844565	1.42011446322711	1.01141796425648	-0.783630153765401	-1.05609309626318	0.821741139449535	-0.80495949429222
Uridine 5'-monophosphate	1.07309034455581	0.500702274549172	-0.854894074692716	-0.409763174427138	-0.106121679047938	0.713283511228741	-1.82913166938062	0.912834467214707
Uridine diphosphate-N-acetylglucosamine	-1.49593673848154	-0.0245583510447323	0.388063072572042	-0.19750284963155	-1.42628415429728	0.955580105342935	0.941549054803308	0.85908986073682
UDP-alpha-D-glucose	-0.20311947324001	0.223089795332444	-0.0575392999239873	1.04101604181323	-2.13863422022945	0.0131908215291968	1.11713665694215	0.00485967777642238
Uridine diphosphate glucuronic acid	1.75757942589716	1.03170298729151	-0.246677968098083	-0.455164103506471	-1.1069739913456	0.30789048987205	-1.1069739913456	-0.181382848764971
Xanthine	-0.997314467425851	-0.38167426226649	0.731695057229842	-0.319775539633275	-0.161709980445003	-0.602677812965856	2.15679631915342	-0.425339313646773
